type floor 274
type floor 275
type floor 276
type floor 277
type floor 278
type floor 279
type floor 280
type floor 281
type floor 282
type floor 283
type floor 284
type floor 300
type floor 301
type floor 302
type floor 338
type floor 339
type floor 340
type floor 341
type floor 345
type floor 346
type floor 347
type floor 352
type floor 353
type floor 364
type floor 365
type floor 366
type floor 402
type floor 403
type floor 404
type floor 405
type floor 406
type floor 407
type floor 409
type floor 410
type floor 411
type floor 416
type floor 417
type floor 428
type floor 429
type floor 430
type floor 431
type floor 470
type floor 471
type floor 473
type floor 474
type floor 475
type floor 492
type floor 493
type floor 494
type floor 495
type floor 530
type floor 534
type floor 535
type floor 536
type floor 537
type floor 540
type floor 556
type floor 557
type floor 558
type floor 559
type floor 598
type floor 599
type floor 620
type floor 621
type floor 622
type floor 623
type floor 684
map 40 30
  339 340 339 340 339 340 339 340 339 340 339 340 339 340 341 408 -1 -1 -1 -1 -1 -1 -1 -1 -1 -1 338 339 340 339 340 339 340 339 340 339 340 339 340 339
  340 339 340 339 340 339 340 339 340 339 340 339 340 339 279 408 -1 -1 -1 -1 -1 -1 -1 -1 -1 -1 278 340 339 340 339 340 339 340 339 340 339 340 339 340
  339 340 339 340 339 340 339 340 339 340 339 340 339 340 341 408 -1 -1 -1 -1 -1 -1 -1 -1 -1 -1 338 339 340 339 340 339 340 339 340 339 340 339 340 339
  340 339 340 339 340 339 340 339 340 339 340 339 340 339 279 408 -1 -1 -1 -1 -1 -1 -1 -1 -1 -1 278 340 339 340 339 340 339 340 339 340 339 340 339 340
  404 403 404 403 404 403 404 403 404 403 404 403 404 403 471 472 -1 -1 -1 -1 -1 -1 -1 -1 -1 -1 470 404 403 404 403 404 403 404 403 404 403 404 403 404
  -1 -1 -1 -1 -1 -1 -1 -1 -1 -1 466 467 468 469 -1 -1 -1 -1 -1 -1 -1 -1 -1 -1 -1 -1 -1 466 467 468 469 -1 -1 -1 -1 -1 -1 -1 -1 -1
  -1 -1 -1 -1 -1 -1 -1 -1 -1 -1 -1 531 660 -1 -1 -1 -1 -1 -1 -1 -1 -1 -1 -1 -1 -1 -1 -1 531 660 -1 -1 -1 -1 -1 -1 -1 -1 -1 -1
  -1 -1 -1 -1 -1 -1 -1 -1 -1 -1 -1 531 660 -1 -1 -1 -1 -1 -1 -1 -1 -1 -1 -1 -1 -1 -1 -1 531 660 -1 -1 -1 -1 -1 -1 -1 -1 -1 -1
  -1 -1 -1 -1 -1 -1 -1 -1 -1 -1 -1 531 660 -1 -1 -1 -1 -1 -1 -1 -1 -1 -1 -1 -1 -1 -1 -1 531 660 -1 -1 -1 -1 -1 -1 -1 -1 -1 -1
  -1 -1 -1 -1 -1 -1 -1 -1 -1 -1 -1 594 660 -1 -1 -1 -1 -1 -1 -1 -1 -1 -1 -1 -1 -1 -1 -1 531 532 -1 -1 -1 -1 -1 -1 -1 -1 -1 -1
  343 343 343 343 343 343 344 -1 -1 -1 -1 -1 533 -1 -1 -1 -1 -1 -1 -1 -1 -1 -1 -1 -1 -1 -1 -1 595 -1 -1 -1 -1 -1 342 343 343 343 343 343
  276 275 276 275 276 277 408 -1 -1 -1 -1 -1 -1 -1 -1 -1 -1 601 602 602 602 602 603 -1 -1 -1 -1 -1 -1 -1 -1 -1 -1 -1 274 275 276 275 276 275
  -1 339 340 339 598 341 408 -1 -1 -1 -1 -1 -1 -1 -1 601 602 602 602 602 602 603 -1 -1 -1 -1 -1 -1 -1 -1 -1 -1 -1 -1 338 339 340 339 340 339
  339 340 -1 -1 339 279 408 -1 -1 -1 -1 -1 -1 -1 -1 -1 538 602 602 602 602 602 603 -1 -1 -1 -1 -1 -1 -1 -1 -1 -1 -1 278 340 339 340 339 340
  -1 -1 -1 339 340 341 408 -1 -1 -1 -1 -1 -1 -1 -1 601 602 602 602 602 602 603 600 -1 -1 -1 -1 -1 -1 -1 -1 -1 -1 -1 338 339 340 339 340 339
  339 340 -1 -1 339 279 408 -1 -1 -1 -1 -1 -1 -1 -1 -1 -1 -1 -1 -1 -1 601 602 603 -1 -1 -1 -1 -1 -1 -1 -1 -1 -1 278 340 339 340 339 340
  -1 534 340 -1 -1 341 408 -1 -1 -1 -1 -1 -1 -1 -1 -1 -1 -1 -1 -1 -1 -1 -1 -1 -1 -1 -1 -1 -1 -1 -1 -1 -1 -1 338 339 340 339 340 339
  -1 -1 -1 -1 339 279 408 -1 -1 -1 -1 -1 -1 -1 -1 -1 -1 -1 -1 -1 -1 -1 -1 -1 -1 -1 -1 -1 -1 -1 -1 -1 -1 -1 278 340 339 340 339 340
  -1 339 598 599 340 341 408 -1 -1 -1 -1 -1 -1 -1 -1 -1 -1 -1 -1 -1 -1 -1 -1 -1 -1 -1 -1 -1 -1 -1 -1 -1 -1 -1 338 339 340 339 340 339
  339 340 339 340 339 279 408 -1 -1 -1 -1 -1 -1 -1 -1 -1 -1 -1 -1 -1 -1 -1 -1 -1 -1 -1 -1 -1 -1 -1 -1 -1 -1 -1 278 340 339 340 339 340
  403 404 403 404 403 471 472 -1 -1 -1 -1 658 -1 -1 -1 -1 -1 -1 -1 -1 -1 -1 -1 -1 -1 -1 -1 -1 -1 596 -1 -1 -1 -1 338 339 340 339 340 339
  -1 -1 -1 -1 -1 -1 -1 -1 -1 -1 -1 531 597 -1 -1 -1 -1 -1 -1 -1 -1 -1 -1 -1 -1 -1 -1 -1 659 660 -1 -1 -1 -1 278 340 339 340 339 340
  -1 -1 600 600 -1 -1 -1 -1 -1 -1 -1 531 660 -1 -1 -1 -1 -1 280 281 282 283 284 -1 -1 -1 -1 -1 531 660 -1 -1 -1 -1 338 339 340 339 340 339
  -1 538 602 602 539 -1 -1 -1 -1 -1 -1 531 660 -1 -1 -1 -1 -1 -1 345 346 347 -1 -1 -1 -1 -1 -1 531 660 -1 -1 -1 -1 278 340 339 340 339 340
  -1 601 602 602 603 -1 -1 -1 -1 -1 -1 531 660 -1 -1 -1 -1 -1 -1 409 410 411 -1 -1 -1 -1 -1 -1 531 660 -1 -1 -1 -1 338 339 340 339 340 339
  -1 -1 -1 -1 -1 -1 -1 -1 -1 -1 722 723 724 725 -1 -1 -1 -1 -1 473 474 475 -1 -1 -1 -1 -1 722 723 724 725 -1 -1 -1 278 340 339 340 339 340
  343 343 343 343 343 343 343 343 343 343 343 343 343 343 343 343 343 343 536 537 537 537 540 343 343 343 343 343 343 343 343 343 343 343 338 339 340 339 340 339
  276 275 276 275 276 275 276 275 276 275 276 275 276 275 276 275 276 275 276 275 276 275 276 275 276 275 276 275 276 275 276 275 276 275 339 340 339 340 339 340
  340 339 340 339 340 339 340 339 340 339 340 339 340 339 340 339 340 339 340 339 340 339 340 339 340 339 340 339 340 339 340 339 340 339 340 339 340 339 340 339
  339 340 339 340 339 340 339 340 339 340 339 340 339 340 339 340 339 340 339 340 339 340 339 340 339 340 339 340 339 340 339 340 339 340 339 340 339 340 339 340
