map 40 30
  3831 3831 3831 3831 3831 3831 3831 3831 3831 3831 3831 3831 3831 3831 3831 3831 3831 3831 3831 3831 3831 3831 3831 3831 3831 3831 3831 3831 3831 3831 3831 3831 3831 3831 3831 3831 3831 3831 3831 3831
  3638 3638 3638 3638 3638 3638 3638 3638 3638 3638 3638 3638 3638 3638 3638 3638 3638 3638 3638 3638 3638 3638 3638 3638 3638 3638 3638 3638 3638 3638 3638 3638 3638 3638 3638 3638 3638 3638 3638 3638
  3702 3702 3702 3702 3702 3702 3702 3702 3702 3702 3702 3702 3702 3702 3702 3702 3702 3702 3702 3702 3702 3702 3702 3702 3702 3702 3702 3702 3702 3702 3702 3702 3702 3702 3702 3702 3702 3702 3702 3702
  3766 3766 3766 3766 3766 3766 3766 3766 3766 3766 3766 3766 3766 3766 3766 3766 3766 3766 3766 3766 3766 3766 3766 3766 3766 3766 3766 3766 3766 3766 3766 3766 3766 3766 3766 3766 3766 3766 3766 3766
  3830 3830 3830 3830 3830 3830 3830 3830 3830 3830 3830 3830 3830 3830 3830 3830 3830 3830 3830 3830 3830 3830 3830 3830 3830 3830 3830 3830 3830 3830 3830 3830 3830 3830 3830 3830 3830 3830 3830 3830
  3830 3830 3830 3830 3830 3830 3830 3830 3830 3830 3830 3830 3830 3830 3830 3830 3830 3830 3830 3830 3830 3830 3830 3830 3830 3830 3830 3830 3830 3830 3830 3830 3830 3830 3830 3830 3830 3830 3830 3830
  3830 3830 3830 3830 3830 3830 3830 3830 3830 3830 3830 3830 3830 3830 3830 3830 3830 3830 3830 3830 3830 3830 3830 3830 3830 3830 3830 3830 3830 3830 3830 3830 3830 3830 3830 3830 3830 3830 3830 3830
  3830 3830 3830 3830 3830 3830 3830 3830 3830 3830 3830 3830 3830 3830 3830 3830 3830 3830 3830 3830 3830 3830 3830 3830 3830 3830 3830 3830 3830 3830 3830 3830 3830 3830 3830 3830 3830 3830 3830 3830
  3830 3830 3830 3830 3830 3830 3830 3830 3830 3830 3830 3830 3830 3830 3830 3830 3830 3830 3830 3830 3830 3830 3830 3830 3830 3830 3830 3830 3830 3830 3830 3830 3830 3830 3830 3830 3830 3830 3830 3830
  3830 3830 3830 3830 3830 3830 3830 3830 3830 3830 3830 3830 3830 3830 3830 3830 3830 3830 3830 3830 3830 3830 3830 3830 3830 3830 3830 3830 3830 3830 3830 3830 3830 3830 3830 3830 3830 3830 3830 3830
  3830 3830 3830 3830 3830 3830 3830 3830 3830 3830 3830 3830 3830 3830 3830 3830 3830 3830 3830 3830 3830 3830 3830 3830 3830 3830 3830 3830 3830 3830 3830 3830 3830 3830 3830 3830 3830 3830 3830 3830
  3830 3830 3830 3830 3830 3830 3830 3830 3830 3830 3830 3830 3830 3830 3830 3830 3830 3830 3830 3830 3830 3830 3830 3830 3830 3830 3830 3830 3830 3830 3830 3830 3830 3830 3830 3830 3830 3830 3830 3830
  3639 3639 3639 3639 3639 3639 3639 3639 3639 3639 3639 3639 3639 3639 3639 3639 3639 3639 3639 3639 3639 3639 3639 3639 3639 3639 3639 3639 3639 3639 3639 3639 3639 3639 3639 3639 3639 3639 3639 3639
  3703 3703 3703 3703 3703 3703 3703 3703 3703 3703 3703 3703 3703 3703 3703 3703 3703 3703 3703 3703 3703 3703 3703 3703 3703 3703 3703 3703 3703 3703 3703 3703 3703 3703 3703 3703 3703 3703 3703 3703
  3767 3767 3767 3767 3767 3767 3767 3767 3767 3767 3767 3767 3767 3767 3767 3767 3767 3767 3767 3767 3767 3767 3767 3767 3767 3767 3767 3767 3767 3767 3767 3767 3767 3767 3767 3767 3767 3767 3767 3767
  3831 3831 3831 3831 3831 3831 3831 3831 3831 3831 3831 3831 3831 3831 3831 3831 3831 3831 3831 3831 3831 3831 3831 3831 3831 3831 3831 3831 3831 3831 3831 3831 3831 3831 3831 3831 3831 3831 3831 3831
  3831 3831 3831 3831 3831 3831 3831 3831 3831 3831 3831 3831 3831 3831 3831 3831 3831 3831 3831 3831 3831 3831 3831 3831 3831 3831 3831 3831 3831 3831 3831 3831 3831 3831 3831 3831 3831 3831 3831 3831
  3831 3831 3831 3831 3831 3831 3831 3831 3831 3831 3831 3831 3831 3831 3831 3831 3831 3831 3831 3831 3831 3831 3831 3831 3831 3831 3831 3831 3831 3831 3831 3831 3831 3831 3831 3831 3831 3831 3831 3831
  3831 3831 3831 3831 3831 3831 3831 3831 3831 3831 3831 3831 3831 3831 3831 3831 3831 3831 3831 3831 3831 3831 3831 3831 3831 3831 3831 3831 3831 3831 3831 3831 3831 3831 3831 3831 3831 3831 3831 3831
  3831 3831 3831 3831 3831 3831 3831 3831 3831 3831 3831 3831 3831 3831 3831 3831 3831 3831 3831 3831 3831 3831 3831 3831 3831 3831 3831 3831 3831 3831 3831 3831 3831 3831 3831 3831 3831 3831 3831 3831
  3640 3640 3640 3640 3640 3640 3640 3640 3640 3640 3640 3640 3640 3640 3640 3640 3640 3640 3640 3640 3640 3640 3640 3640 3640 3640 3640 3640 3640 3640 3640 3640 3640 3640 3640 3640 3640 3640 3640 3640
  3704 3704 3704 3704 3704 3704 3704 3704 3704 3704 3704 3704 3704 3704 3704 3704 3704 3704 3704 3704 3704 3704 3704 3704 3704 3704 3704 3704 3704 3704 3704 3704 3704 3704 3704 3704 3704 3704 3704 3704
  3768 3768 3768 3768 3768 3768 3768 3768 3768 3768 3768 3768 3768 3768 3768 3768 3768 3768 3768 3768 3768 3768 3768 3768 3768 3768 3768 3768 3768 3768 3768 3768 3768 3768 3768 3768 3768 3768 3768 3768
  3644 3645 3646 3647 3643 3644 3645 3646 3647 3832 3832 3832 3832 3832 3832 3832 3643 3644 3645 3646 3647 3832 3832 3643 3644 3645 3646 3647 3832 3832 3832 3832 3832 3832 3832 3643 3644 3645 3646 3647
  3773 3773 3773 3773 3773 3773 3773 3773 3773 3775 3832 3832 3832 3832 3832 3774 3773 3773 3773 3773 3773 3775 3774 3773 3773 3773 3773 3773 3775 3832 3832 3832 3832 3832 3774 3773 3773 3773 3773 3773
  3773 3773 3773 3773 3707 3708 3709 3710 3711 3839 3643 3644 3645 3646 3647 3838 3773 3773 3773 3773 3773 3839 3838 3773 3773 3773 3773 3773 3839 3643 3644 3645 3646 3647 3838 3773 3773 3773 3773 3773
  3773 3773 3773 3771 3837 3837 3837 3837 3837 3772 3773 3773 3773 3773 3773 3773 3773 3773 3773 3773 3773 3773 3773 3773 3773 3773 3773 3773 3773 3773 3773 3773 3773 3773 3773 3773 3773 3773 3773 3773
  3705 3709 3706 3835 3837 3837 3837 3837 3837 3836 3773 3773 3773 3773 3773 3773 3773 3641 3837 3642 3773 3773 3773 3773 3773 3773 3773 3773 3773 3773 3773 3773 3705 3709 3642 3707 3708 3709 3642 3705
  3837 3837 3837 3837 3837 3837 3837 3837 3837 3837 3837 3706 3773 3773 3773 3641 3710 3837 3837 3837 3710 3711 3641 3837 3642 3773 3773 3773 3641 3709 3642 3705 3709 3709 3709 3709 3709 3709 3709 3709
  3837 3837 3837 3837 3837 3837 3837 3837 3837 3837 3837 3837 3773 3773 3769 3837 3837 3837 3837 3837 3837 3837 3837 3837 3837 3642 3773 3769 3709 3709 3709 3709 3709 3709 3709 3709 3709 3709 3709 3709
