type floor 274
type floor 275
type floor 276
type floor 277
type floor 278
type floor 279
type floor 280
type floor 281
type floor 282
type floor 283
type floor 284
type floor 300
type floor 301
type floor 302
type floor 338
type floor 339
type floor 340
type floor 341
type floor 345
type floor 346
type floor 347
type floor 352
type floor 353
type floor 364
type floor 365
type floor 366
type floor 402
type floor 403
type floor 404
type floor 405
type floor 406
type floor 407
type floor 409
type floor 410
type floor 411
type floor 416
type floor 417
type floor 428
type floor 429
type floor 430
type floor 431
type floor 470
type floor 471
type floor 473
type floor 474
type floor 475
type floor 492
type floor 493
type floor 494
type floor 495
type floor 530
type floor 534
type floor 535
type floor 536
type floor 537
type floor 540
type floor 556
type floor 557
type floor 558
type floor 559
type floor 598
type floor 599
type floor 620
type floor 621
type floor 622
type floor 623
type floor 661
type floor 684
map 40 30
  530 530 530 530 530 530 530 530 530 530 530 530 530 530 530 530 530 530 530 530 530 530 530 530 530 530 530 530 530 530 530 530 530 530 530 530 530 530 530 530
  530 530 530 530 530 530 530 530 530 530 530 530 530 530 530 530 530 530 530 530 530 530 530 530 530 530 530 530 530 530 530 530 530 530 530 530 530 530 530 530
  530 530 530 530 530 530 530 530 530 530 530 530 530 530 530 530 530 530 530 530 530 530 530 530 530 530 530 530 530 530 530 530 530 530 530 530 530 530 530 530
  -1 -1 -1 -1 -1 -1 -1 -1 -1 -1 -1 -1 -1 -1 -1 -1 -1 -1 -1 -1 -1 -1 -1 -1 -1 -1 530 530 530 530 -1 -1 -1 -1 -1 -1 -1 -1 -1 -1
  -1 -1 -1 -1 -1 -1 -1 -1 -1 -1 -1 -1 -1 -1 -1 -1 -1 -1 -1 -1 -1 -1 -1 -1 -1 -1 530 530 530 530 -1 -1 -1 -1 -1 -1 -1 -1 -1 -1
  -1 -1 -1 -1 -1 -1 -1 -1 -1 -1 -1 -1 -1 -1 -1 -1 -1 -1 -1 -1 -1 -1 -1 -1 -1 -1 530 530 530 530 -1 -1 -1 -1 -1 -1 -1 -1 -1 -1
  -1 -1 -1 -1 -1 -1 -1 -1 -1 -1 -1 -1 -1 -1 -1 -1 -1 -1 -1 -1 -1 -1 -1 -1 -1 -1 530 530 530 530 -1 -1 -1 -1 -1 -1 -1 -1 -1 -1
  -1 -1 -1 -1 -1 -1 -1 -1 530 530 -1 -1 -1 530 530 -1 -1 -1 -1 -1 -1 -1 -1 -1 -1 -1 530 530 530 530 -1 -1 -1 -1 -1 -1 -1 -1 -1 -1
  -1 -1 -1 -1 -1 -1 -1 -1 530 530 -1 -1 -1 530 530 -1 -1 -1 530 530 -1 -1 -1 -1 -1 -1 530 530 530 530 -1 -1 -1 -1 -1 -1 -1 -1 -1 -1
  530 530 530 530 530 -1 -1 -1 -1 -1 -1 -1 -1 -1 -1 -1 -1 -1 530 530 -1 -1 -1 -1 -1 -1 530 530 530 530 -1 -1 -1 -1 530 530 530 530 530 530
  530 530 530 530 530 -1 -1 -1 -1 -1 -1 -1 -1 -1 -1 -1 -1 -1 -1 -1 -1 -1 -1 530 530 530 530 530 530 530 -1 -1 -1 -1 530 530 530 530 530 530
  530 530 530 530 530 -1 -1 -1 -1 -1 -1 -1 -1 -1 -1 -1 -1 -1 -1 -1 -1 -1 -1 530 530 530 530 530 530 530 -1 -1 -1 -1 530 530 530 530 530 530
  530 530 530 530 530 -1 -1 -1 -1 -1 -1 -1 -1 -1 -1 -1 -1 -1 -1 -1 530 530 530 530 530 530 530 530 530 530 -1 -1 -1 -1 530 530 530 530 530 530
  530 530 530 530 530 -1 -1 -1 -1 -1 -1 -1 -1 -1 -1 -1 -1 -1 -1 -1 530 530 530 530 530 530 530 530 530 530 -1 -1 -1 -1 530 530 530 530 530 530
  530 530 530 530 530 -1 -1 -1 -1 -1 -1 -1 -1 -1 -1 -1 -1 530 530 530 530 530 530 530 530 530 530 530 530 530 -1 -1 -1 -1 530 530 530 530 530 530
  530 530 530 530 530 -1 -1 -1 -1 -1 -1 -1 -1 -1 -1 -1 -1 530 530 530 530 530 530 530 530 530 530 530 530 530 -1 -1 -1 -1 530 530 530 530 530 530
  530 530 530 530 530 -1 -1 -1 -1 -1 -1 530 530 530 -1 -1 -1 -1 -1 -1 -1 -1 -1 -1 -1 -1 -1 -1 -1 -1 -1 -1 -1 -1 530 530 530 530 530 530
  530 530 530 530 530 -1 -1 -1 -1 -1 -1 530 530 530 -1 -1 -1 -1 -1 -1 -1 -1 -1 -1 -1 -1 -1 -1 -1 -1 -1 -1 -1 -1 530 530 530 530 530 530
  530 530 530 530 530 530 530 530 -1 -1 -1 -1 -1 -1 -1 -1 -1 -1 -1 -1 -1 -1 -1 -1 -1 -1 -1 -1 -1 -1 -1 -1 -1 -1 530 530 530 530 530 530
  530 530 530 530 530 530 530 530 -1 -1 -1 -1 -1 -1 -1 -1 -1 -1 -1 -1 -1 -1 -1 -1 -1 -1 -1 -1 -1 -1 -1 -1 -1 -1 530 530 530 530 530 530
  530 530 530 530 530 530 530 530 530 530 530 -1 -1 -1 -1 -1 -1 -1 -1 -1 -1 -1 -1 -1 -1 -1 -1 -1 -1 -1 -1 -1 -1 -1 530 530 530 530 530 530
  530 530 530 530 530 530 530 530 530 530 530 -1 -1 -1 -1 -1 -1 -1 -1 -1 -1 -1 -1 -1 -1 -1 -1 -1 -1 -1 -1 -1 -1 -1 530 530 530 530 530 530
  530 530 530 530 530 530 530 530 530 530 530 530 530 530 530 530 530 -1 -1 -1 -1 -1 -1 -1 -1 -1 -1 -1 -1 -1 -1 -1 -1 -1 530 530 530 530 530 530
  530 530 530 530 530 530 530 530 530 530 530 530 530 530 530 530 530 -1 -1 -1 -1 -1 -1 -1 -1 -1 -1 -1 -1 -1 -1 -1 -1 -1 530 530 530 530 530 530
  530 530 530 530 530 530 530 530 530 530 530 530 530 530 530 530 530 530 530 530 530 530 530 -1 -1 -1 -1 -1 -1 -1 -1 -1 -1 -1 530 530 530 530 530 530
  530 530 530 530 530 530 530 530 530 530 530 530 530 530 530 530 530 530 530 530 530 530 530 -1 -1 -1 -1 -1 -1 -1 -1 -1 -1 -1 530 530 530 530 530 530
  530 530 530 530 530 530 530 530 530 530 530 530 530 530 530 530 530 530 530 530 530 530 530 530 530 530 530 530 530 530 530 530 530 530 530 530 530 530 530 530
  530 530 530 530 530 530 530 530 530 530 530 530 530 530 530 530 530 530 530 530 530 530 530 530 530 530 530 530 530 530 530 530 530 530 530 530 530 530 530 530
  530 530 530 530 530 530 530 530 530 530 530 530 530 530 530 530 530 530 530 530 530 530 530 530 530 530 530 530 530 530 530 530 530 530 530 530 530 530 530 530
  530 530 530 530 530 530 530 530 530 530 530 530 530 530 530 530 530 530 530 530 530 530 530 530 530 530 530 530 530 530 530 530 530 530 530 530 530 530 530 530
